55356
43700
44375
4268
13097
41530
36447
4477
51410
57784
29851
5051
37936
44104
31852
5123
50920
30108
53316
4972
31633
60647
3229
44082
50065
31808
32462
57187
29526
22180
7900
56230
12673
64435
42662
50373
37308
24490
27902
13043
63290
19524
8448
5877
48888
48262
19574
28333
47966
54745
47738
9001
25604
9432
52513
4054
41275
8208
12552
32906
48654
56991
43878
64413
37044
59588
24056
25848
11102
3298
26371
2182
37389
63739
18966
58520
51160
50890
54070
16751
39766
48234
57656
51402
39016
52358
41014
37115
27234
13299
39368
63792
22008
18303
45332
31325
43920
47083
44032
18396
41421
25534
35971
32407
47842
8961
25594
53209
3675
47238
55833
53135
49676
27391
45259
64412
61690
26236
43275
64680
54149
24800
21057
46869
25086
35314
12412
22190
59344
19939
60931
18276
10795
8222
54482
58189
20338
26509
58405
49283
40319
50778
32954
55900
16724
41172
62067
5963
36039
51889
52163
53693
43653
13022
38150
23726
34952
56669
64439
61071
18851
21510
39395
50468
43288
21235
43305
44280
27988
63519
36024
48505
61709
20325
45772
4559
25239
8481
30452
29855
10316
25112
13977
25556
48347
15282
61397
61485
48986
5040
31439
56410
10023
16196
40743
63374
58321
42582
3155
6517
23218
52657
9410
57398
28666
53659
56073
32299
11465
23179
52764
35655
51463
37683
51219
5924
25302
30358
41572
45944
4205
17972
60710
3301
8421
47125
5381
56
17985
4758
57177
9869
21514
23783
7566
12626
7096
28432
21270
25249
28517
44952
35661
7314
15898
57250
53796
13665
12238
27879
10788
9528
54214
21345
42977
36517
57163
58219
46447
19231
48675
33868
49956
25432
48866
19270
42220
60929
62616
33874
4208
6388
53865
57377
38665
59192
62943
12988
47706
56223
18277
39899
31509
43726
56917
44460
53583
39377
5411
3233
42266
46819
11033
62317
5937
6816
16773
42336
42104
46744
37663
53172
3672
26134
27466
5059
3451
25621
43142
57624
63239
33077
55231
39727
25989
25441
9676
64347
6491
20864
18190
12401
2185
1553
58309
27482
38195
22080
16316
5641
11753
9740
30307
43429
62648
51150
22262
1360
10753
3059
22443
55590
59757
38814
14521
34012
43236
41943
22906
1882
61164
48592
55297
59620
58903
6493
53221
33781
2497
15242
15497
40587
54360
21111
34657
52734
31761
15191
55495
53059
49078
42565
8947
33982
5347
50010
12327
7621
13190
39899
61475
33543
45653
32517
55996
14916
54528
29418
38764
52145
43521
16551
41184
20435
29320
46741
20827
13913
3683
64775
32384
55603
48890
8429
29093
56243
13062
11731
56076
16241
3955
41951
10973
6407
25791
47531
10309
49422
63854
33419
26268
41636
34383
47865
26465
33960
56887
1101
28466
34140
9496
49385
51528
26177
18433
28925
61764
10083
42202
28731
48084
689
31789
46109
36073
20763
21648
48057
15201
49381
52608
15105
50975
1691
39398
18044
11539
7384
2143
24622
44476
33555
58351
58471
56226
17548
51801
64633
59690
63309
49408
38771
28047
11104
46460
33946
18571
50411
18136
55987
20752
38019
14163
28738
3620
53289
63376
34348
10013
14704
2695
34291
25379
10811
28899
6376
44136
7589
45427
3353
25376
50846
32467
49384
31785
21767
59191
54822
8422
9695
40377
2763
19972
65195
27666
32440
57205
57530
37705
48481
32128
63977
41226
22018
31547
50841
35096
1907
16070
59391
7729
52233
43257
53959
65179
53366
57768
24731
52751
25697
16599
37869
64466
44804
59680
56347
8184
48004
17813
49577
10479
49718
35538
47708
37472
19444
47325
42057
53953
27983
24369
63840
11629
18095
38700
41740
28341
48975
43103
41767
34135
186
34508
50540
58536
8787
39660
46719
33632
11713
57046
13386
49127
51432
33014
21172
33644
24081
44100
53266
27664
12712
25955
14934
19334
64619
17519
49434
52667
981
12848
21889
467
22132
50592
32741
55827
31171
53779
47201
36045
4291
40825
13060
19403
34873
62169
55007
47298
50645
56930
26805
14108
62511
31574
64165
5348
30039
32337
8853
2479
37507
42178
50429
47482
55204
31349
57833
30369
65429
60635
33311
4083
40797
43198
58205
59919
14037
49962
22529
17650
12657
45375
323
25290
38077
59708
59070
17290
25101
39631
50090
64549
63436
64186
50460
63559
21304
30605
64988
1291
59234
30625
24536
8643
43039
46346
63760
15539
57774
63507
9895
9171
56910
30030
37996
45242
13301
59002
40492
10649
50278
7927
62119
50031
2810
14838
57922
25089
46069
1060
17871
5267
47935
12369
24672
18803
27290
39159
2589
25060
39777
62454
5623
49869
7311
13259
35027
63535
11494
28579
27401
14559
41276
47737
52355
63683
47640
20169
54627
8450
26746
61773
18507
35447
476
20192
52531
65162
15779
22901
21468
2220
1179
37668
16354
30242
48016
44564
18014
26108
34730
41327
39535
5982
47917
6216
27257
17257
28363
3122
47290
16902
62532
9159
15911
45142
40360
37578
33638
62439
32404
22239
28943
8859
44405
44698
51799
23351
57197
4610
56458
63848
25870
6327
62956
49367
54880
1073
16535
51426
35898
53529
32121
48369
10669
4827
59738
49054
25844
38278
44443
45007
18828
3351
33009
45678
53211
33718
11638
10211
49024
58179
14778
48671
58158
55151
56816
13652
1344
25970
11596
64019
34286
21124
8824
43675
36080
48180
17610
27121
29458
57858
24303
61685
31414
59554
16206
14270
58092
33017
31424
26290
52709
39350
29582
17174
64284
11938
34115
13489
32323
36442
47618
15728
4020
2777
11244
10138
24617
36025
34082
56979
45690
20769
36590
24707
30853
45246
36238
14244
34652
63417
9544
41011
51195
29890
41007
52857
55165
11623
52595
34602
31405
24799
3239
63014
59007
52751
56344
25609
55387
48746
60065
52436
8170
11056
63112
4388
18169
1664
60621
25192
19670
13022
51947
61764
12263
947
49318
52885
9265
5343
17483
21214
40524
51258
2631
26690
45642
751
44282
24662
64364
43828
58349
58229
18056
36450
19966
19217
25572
30954
26858
54826
53341
29343
32378
36438
44819
58130
15403
1983
55021
20781
49729
65119
26689
1918
10906
63967
33020
330
35587
55053
42799
38098
485
19738
29958
39497
27606
9496
60453
44554
29849
65162
46002
19768
4849
46014
57783
12031
27770
65344
61671
30579
10728
8251
11454
23863
31892
20814
23109
5428
20680
54171
16733
24993
15477
43436
11202
57427
50383
27303
35313
8461
13942
37203
60847
